9.508038007391431165e+03 9.508038007391431165e+03 1.499652862548828125e-04 1.471042633056640625e-04 0.000000000000000000e+00
2.733644256193813931e+02 5.343489778562645398e+01 4.820704460144042969e-02 1.765899658203125000e-01 2.000000000000000000e+02
8.604245253952096562e+01 3.102083302915848506e+01 9.392523765563964844e-02 3.395800590515136719e-01 4.000000000000000000e+02
7.931045489092041123e+01 2.514657854621961519e+01 1.424119472503662109e-01 5.048248767852783203e-01 6.000000000000000000e+02
2.406503007370881164e+01 2.194000648720370705e+01 1.883540153503417969e-01 6.714498996734619141e-01 8.000000000000000000e+02
6.064218491314509407e+00 1.958048956936021057e+01 2.353012561798095703e-01 8.458797931671142578e-01 1.000000000000000000e+03
6.054817973679149645e+00 1.762401517899664682e+01 2.799391746520996094e-01 1.013686180114746094e+00 1.200000000000000000e+03
6.045468812482345022e+00 1.607789368255154727e+01 3.248000144958496094e-01 1.171532154083251953e+00 1.400000000000000000e+03
6.036153550999353357e+00 1.477903619911136346e+01 3.698532581329345703e-01 1.328436136245727539e+00 1.600000000000000000e+03
6.026871614258891618e+00 1.361960026250806344e+01 4.167320728302001953e-01 1.497536182403564453e+00 1.800000000000000000e+03
6.017622539071226129e+00 1.260583392415804838e+01 4.618742465972900391e-01 1.653156995773315430e+00 2.000000000000000000e+03
6.008405937588905843e+00 1.169454232472873123e+01 5.075531005859375000e-01 1.806602001190185547e+00 2.200000000000000000e+03
5.999221477559873783e+00 1.085214108400485244e+01 5.540332794189453125e-01 1.962960004806518555e+00 2.400000000000000000e+03
5.990068867856801482e+00 1.012453118166547661e+01 5.996131896972656250e-01 2.116733074188232422e+00 2.600000000000000000e+03
5.980947847868418599e+00 9.461210530353985959e+00 6.458210945129394531e-01 2.268972158432006836e+00 2.800000000000000000e+03
5.971858179721418303e+00 8.888670878596979463e+00 6.924679279327392578e-01 2.427954912185668945e+00 3.000000000000000000e+03
5.962799642576866788e+00 8.461691560205403917e+00 7.392702102661132812e-01 2.582403898239135742e+00 3.200000000000000000e+03
5.953772028446897124e+00 8.095371339903378427e+00 7.847139835357666016e-01 2.734179973602294922e+00 3.400000000000000000e+03
5.944775139125765939e+00 7.768466243705343111e+00 8.317580223083496094e-01 2.907639980316162109e+00 3.600000000000000000e+03
5.935808783937563504e+00 7.472296892289177705e+00 8.786721229553222656e-01 3.085448026657104492e+00 3.800000000000000000e+03
5.926872778082328708e+00 7.193415702918938948e+00 9.252929687500000000e-01 3.254858016967773438e+00 4.000000000000000000e+03
5.917966941420909066e+00 6.925523557161635146e+00 9.723460674285888672e-01 3.426015138626098633e+00 4.200000000000000000e+03
5.909091097581158358e+00 6.689535662940543581e+00 1.019541025161743164e+00 3.582224845886230469e+00 4.400000000000000000e+03
5.900245073299783982e+00 6.453348295380973099e+00 1.066025018692016602e+00 3.745549917221069336e+00 4.600000000000000000e+03
5.891428697936835768e+00 6.252161754991077736e+00 1.112582206726074219e+00 3.922138929367065430e+00 4.800000000000000000e+03
5.882641803116650969e+00 6.081146676361063541e+00 1.157727956771850586e+00 4.092679977416992188e+00 5.000000000000000000e+03
5.873884222461609461e+00 5.910352251386321143e+00 1.204518079757690430e+00 4.264237880706787109e+00 5.200000000000000000e+03
5.865155791393803497e+00 5.754560815615238134e+00 1.251019954681396484e+00 4.436861038208007812e+00 5.400000000000000000e+03
5.856456346986487205e+00 5.623741394994342890e+00 1.295475959777832031e+00 4.604034900665283203e+00 5.600000000000000000e+03
5.847785727852119919e+00 5.503856704989988913e+00 1.339329004287719727e+00 4.771898984909057617e+00 5.800000000000000000e+03
5.839143774057119707e+00 5.387097876955370346e+00 1.392041921615600586e+00 4.935865879058837891e+00 6.000000000000000000e+03
5.830530327056264284e+00 5.281693044134486925e+00 1.447844028472900391e+00 5.093585014343261719e+00 6.200000000000000000e+03
5.821945229641503516e+00 5.168973045458429283e+00 1.496423244476318359e+00 5.251787185668945312e+00 6.400000000000000000e+03
5.813388325901335030e+00 5.064192091668785700e+00 1.542799234390258789e+00 5.410570144653320312e+00 6.600000000000000000e+03
5.804859461188022429e+00 4.970379340514259781e+00 1.591152191162109375e+00 5.567948102951049805e+00 6.800000000000000000e+03
5.796358482090412600e+00 4.876235054131293545e+00 1.642692089080810547e+00 5.723443984985351562e+00 7.000000000000000000e+03
5.787885236411041134e+00 4.787040787119981822e+00 1.698614120483398438e+00 5.900542020797729492e+00 7.200000000000000000e+03
5.779439573146397002e+00 4.703555275848516182e+00 1.746481180191040039e+00 6.054100990295410156e+00 7.400000000000000000e+03
5.771021342469346394e+00 4.625972491959513100e+00 1.798395156860351562e+00 6.205814123153686523e+00 7.600000000000000000e+03
5.762630395713493670e+00 4.547321261748074939e+00 1.853908061981201172e+00 6.363039970397949219e+00 7.800000000000000000e+03
5.754266585358613462e+00 4.473276854414582893e+00 1.905857086181640625e+00 6.516774892807006836e+00 8.000000000000000000e+03
5.745929765017174340e+00 4.395412022487763970e+00 1.954765081405639648e+00 6.667788028717041016e+00 8.200000000000000000e+03
5.737619789421601446e+00 4.316060360637322901e+00 2.003859043121337891e+00 6.827851057052612305e+00 8.400000000000000000e+03
5.729336514412096903e+00 4.247914155859634278e+00 2.050990104675292969e+00 6.982731103897094727e+00 8.600000000000000000e+03
5.721079796924862571e+00 4.182410693033695281e+00 2.097095966339111328e+00 7.134949922561645508e+00 8.800000000000000000e+03
5.712849494980735798e+00 4.119196090167180913e+00 2.150027036666870117e+00 7.292375802993774414e+00 9.000000000000000000e+03
5.704645467674158255e+00 4.060201364152741021e+00 2.198999166488647461e+00 7.446032047271728516e+00 9.200000000000000000e+03
5.696467575162234454e+00 4.002702824727662367e+00 2.246721029281616211e+00 7.598505973815917969e+00 9.400000000000000000e+03
5.688315678654199736e+00 3.945307567156438378e+00 2.292556047439575195e+00 7.753782033920288086e+00 9.600000000000000000e+03
5.680189640400893580e+00 3.892472509648675416e+00 2.338584184646606445e+00 7.905225992202758789e+00 9.800000000000000000e+03
5.672089323684502915e+00 3.837659904806806299e+00 2.384541988372802734e+00 8.057353019714355469e+00 1.000000000000000000e+04
5.664014592808419124e+00 3.780055114926776927e+00 2.432121038436889648e+00 8.214308977127075195e+00 1.020000000000000000e+04
5.655965313087222057e+00 3.725470730357365756e+00 2.479986906051635742e+00 8.365165948867797852e+00 1.040000000000000000e+04
5.647941350836816810e+00 3.670810037648399859e+00 2.534129142761230469e+00 8.520585060119628906e+00 1.060000000000000000e+04
5.639942573364695733e+00 3.616874608147969461e+00 2.580763101577758789e+00 8.674095869064331055e+00 1.080000000000000000e+04
5.631968848960264395e+00 3.557991394335235036e+00 2.630396127700805664e+00 8.828666925430297852e+00 1.100000000000000000e+04
5.624020046885337187e+00 3.472544806552913421e+00 2.679690122604370117e+00 8.994555950164794922e+00 1.120000000000000000e+04
5.616096037364791904e+00 3.425156457560478707e+00 2.726752996444702148e+00 9.158157825469970703e+00 1.140000000000000000e+04
5.608196691577160387e+00 3.384160311407725441e+00 2.774326086044311523e+00 9.327781915664672852e+00 1.160000000000000000e+04
5.600321881645526467e+00 3.343453419488456646e+00 2.823235034942626953e+00 9.498755931854248047e+00 1.180000000000000000e+04
5.592471480628433689e+00 3.302398566406393954e+00 2.872298955917358398e+00 9.670508861541748047e+00 1.200000000000000000e+04
5.584645362510822331e+00 3.263574708527745116e+00 2.920598030090332031e+00 9.837369918823242188e+00 1.220000000000000000e+04
5.576843402195286181e+00 3.225530932234353276e+00 2.970206975936889648e+00 9.995277881622314453e+00 1.240000000000000000e+04
5.569065475493131245e+00 3.187316043419335720e+00 3.019591093063354492e+00 1.015705299377441406e+01 1.260000000000000000e+04
5.561311459115866995e+00 3.150942172481814296e+00 3.067041158676147461e+00 1.031704497337341309e+01 1.280000000000000000e+04
5.553581230666480906e+00 3.115137268171396023e+00 3.115514039993286133e+00 1.047810387611389160e+01 1.300000000000000000e+04
5.545874668631021187e+00 3.079050655954532090e+00 3.159249067306518555e+00 1.065726494789123535e+01 1.320000000000000000e+04
5.538191652370229257e+00 3.044018336726580287e+00 3.204742193222045898e+00 1.082824993133544922e+01 1.340000000000000000e+04
5.530532062111180203e+00 3.009845944707193244e+00 3.249978065490722656e+00 1.098293995857238770e+01 1.360000000000000000e+04
5.522895778939144407e+00 2.975104105695922652e+00 3.294183254241943359e+00 1.113873696327209473e+01 1.380000000000000000e+04
5.515282684789426071e+00 2.941241264223783070e+00 3.339231967926025391e+00 1.129401302337646484e+01 1.400000000000000000e+04
5.507692662439396258e+00 2.908367312502145197e+00 3.383635044097900391e+00 1.145204210281372070e+01 1.420000000000000000e+04
5.500125595500520603e+00 2.875727590177374893e+00 3.428436994552612305e+00 1.161157894134521484e+01 1.440000000000000000e+04
5.492581368410561993e+00 2.844915662617178320e+00 3.476083040237426758e+00 1.176747298240661621e+01 1.460000000000000000e+04
5.485059866425787689e+00 2.814852537538434785e+00 3.522450208663940430e+00 1.192436480522155762e+01 1.480000000000000000e+04
5.477560975613360306e+00 2.784022134231012302e+00 3.569692134857177734e+00 1.208455991744995117e+01 1.500000000000000000e+04
5.470084582843699472e+00 2.752359678686566280e+00 3.616485118865966797e+00 1.224426889419555664e+01 1.520000000000000000e+04
5.462630575783049558e+00 2.716430859031274903e+00 3.664882898330688477e+00 1.239837288856506348e+01 1.540000000000000000e+04
5.455198842886008315e+00 2.678559759922363170e+00 3.714098215103149414e+00 1.255771183967590332e+01 1.560000000000000000e+04
5.447789273388258913e+00 2.640672606180196169e+00 3.762600898742675781e+00 1.271398210525512695e+01 1.580000000000000000e+04
5.440401757299280661e+00 2.599627552353689808e+00 3.808433055877685547e+00 1.287366199493408203e+01 1.600000000000000000e+04
5.433036185395222262e+00 2.559169826751913401e+00 3.853807210922241211e+00 1.304518413543701172e+01 1.620000000000000000e+04
5.425692449211797275e+00 2.526858730074570847e+00 3.900595903396606445e+00 1.319863104820251465e+01 1.640000000000000000e+04
5.418370441037288820e+00 2.495329311629165936e+00 3.946032047271728516e+00 1.335616397857666016e+01 1.660000000000000000e+04
5.411070053905615573e+00 2.461927944729491724e+00 3.991497039794921875e+00 1.351724505424499512e+01 1.680000000000000000e+04
5.403791181589503445e+00 2.429045652477550554e+00 4.037392139434814453e+00 1.367391586303710938e+01 1.700000000000000000e+04
5.396533718593654605e+00 2.392545814305714558e+00 4.081966161727905273e+00 1.383869194984436035e+01 1.720000000000000000e+04
5.389297560148141208e+00 2.353369273866200206e+00 4.125574111938476562e+00 1.399533915519714355e+01 1.740000000000000000e+04
5.382082602201688104e+00 2.311299365966914543e+00 4.171286106109619141e+00 1.414832592010498047e+01 1.760000000000000000e+04
5.374888741415175808e+00 2.274462047312602930e+00 4.217545032501220703e+00 1.430615687370300293e+01 1.780000000000000000e+04
5.367715875155189664e+00 2.249968689323403215e+00 4.267463922500610352e+00 1.446679210662841797e+01 1.800000000000000000e+04
5.360563901487519267e+00 2.228225198091898118e+00 4.318353176116943359e+00 1.462544298171997070e+01 1.820000000000000000e+04
5.353432719170907461e+00 2.207065692865441520e+00 4.368027210235595703e+00 1.477957892417907715e+01 1.840000000000000000e+04
5.346322227650755821e+00 2.185138073868121644e+00 4.417670249938964844e+00 1.493689894676208496e+01 1.860000000000000000e+04
5.339232327052912730e+00 2.162828111159238009e+00 4.466916084289550781e+00 1.509602499008178711e+01 1.880000000000000000e+04
5.332162918177583144e+00 2.142779032318509636e+00 4.513282060623168945e+00 1.527814984321594238e+01 1.900000000000000000e+04
5.325113902493231244e+00 2.122397016355196619e+00 4.558796167373657227e+00 1.545898985862731934e+01 1.920000000000000000e+04
5.318085182130576349e+00 2.102758320523482105e+00 4.605320930480957031e+00 1.563921809196472168e+01 1.940000000000000000e+04
5.311076659876715844e+00 2.082900234517190974e+00 4.652770996093750000e+00 1.581989479064941406e+01 1.960000000000000000e+04
5.304088239169218788e+00 2.062913247310749210e+00 4.700973033905029297e+00 1.600497698783874512e+01 1.980000000000000000e+04
5.297119824090354534e+00 2.043806757686143616e+00 4.750049114227294922e+00 1.616469097137451172e+01 2.000000000000000000e+04
