1.901607601478286233e+04 1.901607601478286233e+04 1.901607601478286233e+04 1.901607601478286233e+04 1.901607601478286233e+04 1.901607601478286233e+04 1.901607601478286233e+04 1.901607601478286233e+04 8.797645568847656250e-05 8.702278137207031250e-05 8.773803710937500000e-05 8.916854858398437500e-05 9.226799011230468750e-05 9.012222290039062500e-05 8.821487426757812500e-05 8.916854858398437500e-05 0.000000000000000000e+00
7.779891044661277988e+01 6.248708490978479091e+01 9.022211759165188028e+00 2.437750712360161032e+01 7.059147325016225238e+01 1.900366296290692247e+01 9.825136696648639756e+00 7.662568874764346560e+01 6.367509365081787109e-01 7.237880229949951172e-01 7.628009080886840820e+00 8.568470478057861328e-01 8.641622066497802734e-01 8.545532226562500000e-01 8.740339279174804688e-01 8.000731468200683594e-01 5.000000000000000000e+03
4.811650091113502015e+01 2.379431826077537693e+01 7.261700020849954029e+00 1.420362190138994762e+01 2.716687751484881019e+01 1.165699269143819450e+01 7.259642371405217176e+00 4.780959896911960527e+01 1.211237907409667969e+00 1.445628881454467773e+00 8.370314121246337891e+00 1.706423044204711914e+00 1.723235130310058594e+00 1.750102043151855469e+00 1.729895114898681641e+00 1.582897186279296875e+00 1.000000000000000000e+04
3.807247922906371684e+01 2.135470944371726887e+01 6.189630091435639692e+00 1.028264023680695161e+01 1.467956652059432621e+01 8.819209268809798274e+00 6.086917103017756681e+00 3.792688550902571620e+01 1.771319866180419922e+00 2.190890073776245117e+00 9.109682083129882812e+00 2.569494962692260742e+00 2.624866008758544922e+00 2.652654170989990234e+00 2.585146188735961914e+00 2.360442161560058594e+00 1.500000000000000000e+04
3.228915411696289084e+01 1.930771813320209063e+01 5.385580087543432093e+00 8.308646253603271248e+00 1.035780980462325473e+01 7.301135220434120221e+00 5.274895918324283173e+00 3.219093767490665670e+01 2.333225965499877930e+00 2.957191944122314453e+00 9.846555948257446289e+00 3.419471979141235352e+00 3.523038148880004883e+00 3.525664091110229492e+00 3.447342157363891602e+00 3.148802042007446289e+00 2.000000000000000000e+04
2.814082816284120980e+01 1.759975204412710426e+01 4.756848457497104832e+00 7.270327236256762582e+00 8.289001455836244148e+00 6.319336503531554072e+00 4.662856868043920855e+00 2.806615942821017740e+01 2.891680955886840820e+00 3.731590986251831055e+00 1.059243893623352051e+01 4.291945934295654297e+00 4.473866939544677734e+00 4.385147094726562500e+00 4.294083118438720703e+00 3.924913167953491211e+00 2.500000000000000000e+04
2.486929216471760284e+01 1.617692535210316152e+01 4.247169801162471003e+00 6.573759162776175557e+00 7.061725943668902161e+00 5.592298034799791928e+00 4.170144521100985990e+00 2.480836806487248580e+01 3.496068716049194336e+00 4.504817962646484375e+00 1.133245801925659180e+01 5.225569963455200195e+00 5.367279052734375000e+00 5.236340999603271484e+00 5.170502185821533203e+00 4.710020065307617188e+00 3.000000000000000000e+04
2.219722737226375742e+01 1.499148513831760532e+01 3.817158044953709695e+00 6.072090666733203967e+00 6.204333677724543250e+00 4.993576565316244498e+00 3.759113666447558177e+00 2.214783983951355495e+01 4.120697736740112305e+00 5.245717048645019531e+00 1.207586216926574707e+01 6.076850891113281250e+00 6.254236221313476562e+00 6.089452981948852539e+00 6.024812221527099609e+00 5.482974290847778320e+00 3.500000000000000000e+04
1.998348579245450907e+01 1.399909081246395282e+01 3.437660693467648354e+00 5.656571024680917326e+00 5.541969436261643622e+00 4.513036078452357103e+00 3.405920330235392424e+00 1.994174476396336715e+01 4.748167753219604492e+00 5.961770057678222656e+00 1.280895090103149414e+01 6.926965951919555664e+00 7.168315172195434570e+00 7.003873109817504883e+00 6.875078916549682617e+00 6.264318227767944336e+00 4.000000000000000000e+04
1.813484876948148283e+01 1.314243071600692758e+01 3.103771379306094591e+00 5.285692024842157721e+00 4.986923472222066778e+00 4.098165340201166629e+00 3.092705261318905219e+00 1.810035868247852164e+01 5.327220916748046875e+00 6.682872772216796875e+00 1.354366493225097656e+01 7.782597064971923828e+00 8.029851198196411133e+00 7.867864131927490234e+00 7.742478132247924805e+00 7.038635015487670898e+00 4.500000000000000000e+04
1.659906689200917995e+01 1.239513600048469222e+01 2.806192860658166754e+00 4.964916240552105897e+00 4.535665639993055720e+00 3.738833214184561271e+00 2.812651753147548561e+00 1.657031679396851942e+01 5.907688856124877930e+00 7.398464918136596680e+00 1.429671311378479004e+01 8.640969991683959961e+00 8.907765150070190430e+00 8.721210241317749023e+00 8.628485202789306641e+00 7.818797111511230469e+00 5.000000000000000000e+04
1.532361325134850638e+01 1.174192945541532396e+01 2.538295559425024273e+00 4.693053332835218860e+00 4.141987892140960525e+00 3.423217581327578696e+00 2.564532047282853888e+00 1.529959377479362814e+01 6.506844758987426758e+00 8.144747018814086914e+00 1.503587102890014648e+01 9.563931941986083984e+00 9.785432100296020508e+00 9.575002193450927734e+00 9.491804361343383789e+00 8.598384141921997070e+00 5.500000000000000000e+04
1.426423447648540055e+01 1.116617310544489783e+01 2.296136448241904215e+00 4.445142277160977429e+00 3.798306068095135934e+00 3.139447027629564513e+00 2.341671895089403321e+00 1.424412699522414449e+01 7.103613853454589844e+00 8.882309913635253906e+00 1.576643204689025879e+01 1.047777891159057617e+01 1.072941112518310547e+01 1.044075798988342285e+01 1.034832000732421875e+01 9.377332925796508789e+00 6.000000000000000000e+04
1.335595662071339973e+01 1.065527165273111798e+01 2.078732435133754386e+00 4.218191339131366568e+00 3.494603643300056905e+00 2.882159695872253291e+00 2.140255043164959403e+00 1.333879489909768523e+01 7.730169773101806641e+00 9.639918088912963867e+00 1.650566983222961426e+01 1.133455896377563477e+01 1.164538598060607910e+01 1.133112025260925293e+01 1.125159502029418945e+01 1.015891718864440918e+01 6.500000000000000000e+04
1.257108139530791213e+01 1.020380503498719094e+01 1.884397155825596970e+00 4.014861637866853350e+00 3.220976720347051625e+00 2.650849313179254096e+00 1.955645742418023580e+00 1.255597803060053863e+01 8.347374677658081055e+00 1.038773512840270996e+01 1.725249004364013672e+01 1.226767802238464355e+01 1.250014734268188477e+01 1.222552514076232910e+01 1.213756799697875977e+01 1.094425106048583984e+01 7.000000000000000000e+04
1.188472258066503784e+01 9.793599894874212453e+00 1.715234084504826395e+00 3.825178364829378896e+00 2.971505516152930682e+00 2.442667561102360718e+00 1.792767974138042231e+00 1.187165233900571515e+01 8.916435956954956055e+00 1.110797810554504395e+01 1.798658895492553711e+01 1.319900012016296387e+01 1.335128617286682129e+01 1.308663511276245117e+01 1.302560210227966309e+01 1.172311592102050781e+01 7.500000000000000000e+04
1.128367295815166216e+01 9.419795277977996761e+00 1.563479320257908478e+00 3.650466133076379460e+00 2.743876552847112738e+00 2.252478692764694479e+00 1.648968417519945273e+00 1.127215632599878070e+01 9.495685815811157227e+00 1.182317399978637695e+01 1.872412490844726562e+01 1.415442705154418945e+01 1.420948410034179688e+01 1.398932123184204102e+01 1.390702915191650391e+01 1.250736808776855469e+01 8.000000000000000000e+04
1.075350864629344017e+01 9.078445508662449370e+00 1.426638433361596903e+00 3.487741410048020629e+00 2.540397550891955181e+00 2.077747830493901215e+00 1.518069033792900147e+00 1.074324624766705405e+01 1.011631679534912109e+01 1.257095503807067871e+01 1.946547389030456543e+01 1.508387780189514160e+01 1.507819604873657227e+01 1.495773100852966309e+01 1.482618808746337891e+01 1.328435301780700684e+01 8.500000000000000000e+04
1.028483198193946713e+01 8.767043338957861920e+00 1.302790227009831048e+00 3.334052053691621609e+00 2.353450328292670424e+00 1.915928210784381580e+00 1.400162674616565406e+00 1.027577970315977751e+01 1.076500701904296875e+01 1.334459900856018066e+01 2.021789193153381348e+01 1.599928593635559082e+01 1.603722429275512695e+01 1.591361021995544434e+01 1.572347497940063477e+01 1.407530426979064941e+01 9.000000000000000000e+04
9.863271630368094733e+00 8.484016795960917179e+00 1.190474485704867247e+00 3.188784016881884398e+00 2.181660199654028798e+00 1.772828599748903500e+00 1.293716463840344888e+00 9.855013185922087970e+00 1.141660380363464355e+01 1.412856292724609375e+01 2.096038579940795898e+01 1.688058996200561523e+01 1.689305019378662109e+01 1.686902713775634766e+01 1.658915424346923828e+01 1.485228896141052246e+01 9.500000000000000000e+04
9.479595658534559988e+00 8.227878728339787173e+00 1.088362316210221836e+00 3.051346680726134242e+00 2.021905043447666639e+00 1.643387811190551995e+00 1.195694063372394034e+00 9.472106129305551292e+00 1.209474182128906250e+01 1.488497304916381836e+01 2.169368100166320801e+01 1.773660111427307129e+01 1.775176811218261719e+01 1.784927415847778320e+01 1.749415111541748047e+01 1.562517714500427246e+01 1.000000000000000000e+05
9.129865567215633249e+00 7.992357294049342364e+00 9.952367510381746607e-01 2.921154402706043207e+00 1.874893814494633215e+00 1.524316963078097276e+00 1.105248994790722028e+00 9.123042274880582170e+00 1.279372477531433105e+01 1.569026589393615723e+01 2.242744088172912598e+01 1.861440515518188477e+01 1.860763907432556152e+01 1.870920109748840332e+01 1.829588627815246582e+01 1.640211009979248047e+01 1.050000000000000000e+05
8.811665326396861175e+00 7.775767437450141983e+00 9.107030101025035407e-01 2.797504493411184789e+00 1.744210830039687909e+00 1.415808220969092979e+00 1.021982010121881501e+00 8.805423005475343956e+00 1.348088073730468750e+01 1.647651982307434082e+01 2.316231298446655273e+01 1.950141477584838867e+01 1.946205735206604004e+01 1.957004809379577637e+01 1.907792019844055176e+01 1.719973611831665039e+01 1.100000000000000000e+05
8.522594135711367258e+00 7.572765397048006442e+00 8.339152606323312344e-01 2.681742699113405681e+00 1.624331989397568510e+00 1.317107194680304794e+00 9.461659851167369961e-01 8.517007992653212511e+00 1.416780686378479004e+01 1.722010707855224609e+01 2.389653801918029785e+01 2.039529895782470703e+01 2.037491607666015625e+01 2.043722915649414062e+01 1.988316416740417480e+01 1.797438406944274902e+01 1.150000000000000000e+05
8.262007495142237090e+00 7.387336699113295602e+00 7.638748782274382698e-01 2.571697695635417613e+00 1.513538342388154545e+00 1.225496176284753380e+00 8.762245201480850509e-01 8.256864440085887935e+00 1.482579612731933594e+01 1.794289112091064453e+01 2.463585996627807617e+01 2.124828886985778809e+01 2.133407831192016602e+01 2.136616802215576172e+01 2.067472124099731445e+01 1.875089192390441895e+01 1.200000000000000000e+05
8.021880549096570334e+00 7.212375041918936525e+00 6.991608513525534585e-01 2.466740564537695413e+00 1.412131711117750266e+00 1.140538577022226940e+00 8.118272264055432785e-01 8.017248088125175087e+00 1.551639604568481445e+01 1.866262793540954590e+01 2.536948108673095703e+01 2.209522604942321777e+01 2.222482609748840332e+01 2.230987524986267090e+01 2.150052404403686523e+01 1.953027606010437012e+01 1.250000000000000000e+05
7.802596483038009012e+00 7.046160148420978153e+00 6.394325216329178607e-01 2.366750964174436866e+00 1.319256206910892848e+00 1.061636625740327800e+00 7.521673221176214952e-01 7.798202597193872876e+00 1.616712379455566406e+01 1.940921592712402344e+01 2.610687088966369629e+01 2.304644894599914551e+01 2.308073425292968750e+01 2.316749906539916992e+01 2.234372520446777344e+01 2.031649398803710938e+01 1.300000000000000000e+05
7.596550456060723988e+00 6.887924954436318359e+00 5.877723827439367277e-01 2.271097275865715748e+00 1.232669883215986806e+00 9.888018879274506068e-01 6.964872374856027060e-01 4.816259519464522576e+00 1.672847485542297363e+01 2.013871002197265625e+01 2.684246397018432617e+01 2.394320106506347656e+01 2.394845628738403320e+01 2.402365112304687500e+01 2.314228725433349609e+01 2.109798216819763184e+01 1.350000000000000000e+05
7.408875481801814544e+00 6.738231209925166887e+00 5.441192522036086832e-01 2.179545461261883421e+00 1.152038959590715672e+00 9.215129299103702598e-01 6.450782884834270758e-01 3.601330653199523724e+00 1.730920600891113281e+01 2.085507202148437500e+01 2.759325289726257324e+01 2.483477592468261719e+01 2.480439710617065430e+01 2.487835311889648438e+01 2.411427426338195801e+01 2.188477420806884766e+01 1.400000000000000000e+05
7.231954351953975291e+00 6.596019300498784155e+00 5.069208520428228892e-01 2.091653994507076675e+00 1.076835227878479850e+00 8.590155091057160019e-01 5.982365121729021906e-01 2.840225220687301988e+00 1.792869091033935547e+01 2.157666492462158203e+01 2.832908391952514648e+01 2.579801011085510254e+01 2.569149804115295410e+01 2.573499798774719238e+01 2.500910902023315430e+01 2.267841720581054688e+01 1.450000000000000000e+05
7.064304528885554824e+00 6.462960335514573273e+00 4.725915094357044932e-01 2.006718637003746419e+00 1.006895575900368822e+00 8.008671149982456994e-01 5.548017873159489799e-01 2.289749527648834881e+00 1.853928899765014648e+01 2.229561710357666016e+01 2.908197474479675293e+01 2.668475890159606934e+01 2.663705229759216309e+01 2.666076207160949707e+01 2.586361813545227051e+01 2.346812510490417480e+01 1.500000000000000000e+05
6.904488483974080992e+00 6.336973333521168428e+00 4.409603238008641957e-01 1.926411701445699176e+00 9.422153225453780978e-01 7.466593227136377742e-01 5.145818573667578777e-01 1.872677622153992694e+00 1.919637703895568848e+01 2.301312494277954102e+01 2.981610083580017090e+01 2.754938292503356934e+01 2.749415397644042969e+01 2.751896905899047852e+01 2.675757908821105957e+01 2.425516510009765625e+01 1.550000000000000000e+05
6.753439252651976865e+00 6.216462251902327374e+00 4.113918714111564623e-01 1.851528160406535228e+00 8.817774049513211754e-01 6.958473442793123853e-01 4.773014418586766783e-01 1.575354143386217931e+00 1.978580975532531738e+01 2.373472690582275391e+01 3.056372785568237305e+01 2.840948605537414551e+01 2.837071824073791504e+01 2.837460517883300781e+01 2.762402319908142090e+01 2.503489804267883301e+01 1.600000000000000000e+05
6.609929394908207634e+00 6.101006239526449271e+00 3.830076899392339529e-01 1.782306375711433688e+00 8.253659758139912928e-01 6.485143688099404002e-01 4.427120279976985984e-01 1.342143967123831327e+00 2.043987488746643066e+01 2.446083903312683105e+01 3.130285191535949707e+01 2.926908993721008301e+01 2.922468614578247070e+01 2.922633814811706543e+01 2.851695227622985840e+01 2.581410717964172363e+01 1.650000000000000000e+05
6.475494142078308535e+00 5.990060221633239479e+00 3.561622362153052390e-01 1.716772843576646723e+00 7.726836034971702460e-01 6.051323964724082405e-01 4.106702222018459025e-01 1.150713356962113965e+00 2.107639074325561523e+01 2.522225785255432129e+01 3.204478073120117188e+01 3.016803717613220215e+01 3.008070802688598633e+01 3.007850909233093262e+01 2.944771218299865723e+01 2.659286808967590332e+01 1.700000000000000000e+05
6.348533362432029925e+00 5.883355691801257059e+00 3.321407177817253809e-01 1.653996712481500708e+00 7.231304889264305036e-01 5.646873839604796830e-01 3.809621052927963381e-01 9.885670348980788447e-01 2.174556779861450195e+01 2.600802898406982422e+01 3.278002190589904785e+01 3.108326816558837891e+01 3.096625113487243652e+01 3.092943406105041504e+01 3.034523510932922363e+01 2.737518715858459473e+01 1.750000000000000000e+05
6.227129773052982209e+00 5.780259430340437099e+00 3.098228044719512631e-01 1.593744525038914617e+00 6.766028499713476752e-01 5.269385721069134165e-01 3.533917911324407357e-01 8.537262781502832354e-01 2.240335488319396973e+01 2.679208707809448242e+01 3.351845312118530273e+01 3.194276499748229980e+01 3.183370614051818848e+01 3.179466009140014648e+01 3.113653206825256348e+01 2.816128706932067871e+01 1.800000000000000000e+05
6.110897284602895496e+00 5.675826081359899078e+00 2.889513568774220720e-01 1.536360090801711653e+00 6.334402434950499039e-01 4.917602706258261125e-01 3.278384281783305876e-01 7.395112086261249607e-01 2.309776306152343750e+01 2.754202699661254883e+01 3.425714802742004395e+01 3.279957389831542969e+01 3.269908809661865234e+01 3.272058534622192383e+01 3.193089914321899414e+01 2.894908523559570312e+01 1.850000000000000000e+05
5.999251151612219779e+00 5.575918729449287348e+00 2.681133192006383559e-01 1.481257303273290082e+00 5.934338937345231546e-01 4.589466931658179871e-01 3.041440224319441610e-01 6.398738076204086855e-01 2.371795082092285156e+01 2.829017186164855957e+01 3.499396371841430664e+01 3.366055703163146973e+01 3.358209300041198730e+01 3.367504620552062988e+01 3.271903324127197266e+01 2.974018502235412598e+01 1.900000000000000000e+05
5.891835497977022662e+00 5.479142810899187310e+00 2.500628429463089830e-01 1.429370514037174633e+00 5.559496663677083728e-01 4.283110420035818877e-01 2.821533730638976500e-01 5.560738676700405225e-01 2.438023805618286133e+01 2.901679110527038574e+01 3.582445502281188965e+01 3.451375794410705566e+01 3.446472024917602539e+01 3.453886103630065918e+01 3.351129293441772461e+01 3.052152013778686523e+01 1.950000000000000000e+05
5.788529015507943853e+00 5.385083221293608169e+00 2.334469788631013676e-01 1.380470295798079672e+00 5.208804682579122325e-01 3.997547774367694040e-01 2.618181187915213926e-01 4.836203548413895992e-01 2.500755500793457031e+01 2.974294710159301758e+01 3.665161085128784180e+01 3.541251087188720703e+01 3.533687019348144531e+01 3.539000320434570312e+01 3.437352395057678223e+01 3.130685114860534668e+01 2.000000000000000000e+05
5.683581783416666866e+00 5.292414903403779292e+00 2.175859191602732834e-01 1.333366277852190196e+00 4.880410112941461209e-01 3.731129596879690369e-01 2.429830796967133444e-01 4.208361451346088189e-01 2.558573889732360840e+01 3.047108411788940430e+01 3.741407704353332520e+01 3.631789302825927734e+01 3.627748203277587891e+01 3.624272727966308594e+01 3.528984117507934570e+01 3.209249496459960938e+01 2.050000000000000000e+05
5.583096191723860180e+00 5.202414757203447593e+00 2.028357699063502162e-01 1.287936586396694727e+00 4.572601045544074649e-01 3.482408031460737519e-01 2.254936918024607606e-01 3.663166818967609206e-01 2.617220687866210938e+01 3.120118999481201172e+01 3.822038197517395020e+01 3.717641496658325195e+01 3.713470625877380371e+01 3.712364721298217773e+01 3.612676715850830078e+01 3.287821412086486816e+01 2.100000000000000000e+05
5.485892961992600902e+00 5.114929028618785622e+00 1.891285286087473483e-01 1.244155643710952885e+00 4.284548534123756025e-01 3.250847601433662915e-01 2.092808104726159857e-01 3.187166970063226024e-01 2.685260891914367676e+01 3.192270684242248535e+01 3.902329087257385254e+01 3.806310915946960449e+01 3.798920512199401855e+01 3.802119112014770508e+01 3.704657530784606934e+01 3.366804814338684082e+01 2.150000000000000000e+05
5.391497687340503830e+00 5.032699770602118150e+00 1.763976124943898161e-01 1.201877942841398372e+00 4.014756176113286057e-01 3.034769967070182206e-01 1.942385952781513214e-01 2.772945660230382026e-01 2.753371787071228027e+01 3.264555287361145020e+01 3.993170905113220215e+01 3.892180991172790527e+01 3.884548926353454590e+01 3.887865114212036133e+01 3.785044312477111816e+01 3.444858622550964355e+01 2.200000000000000000e+05
5.298467955446036548e+00 4.954445887894321388e+00 1.639811998692602413e-01 1.161058137665144097e+00 3.761832867711085715e-01 2.832959309807729920e-01 1.802697654485340417e-01 2.415239070358475570e-01 2.819963097572326660e+01 3.337411785125732422e+01 4.082689690589904785e+01 3.981648993492126465e+01 3.970254898071289062e+01 3.973356318473815918e+01 3.878081512451171875e+01 3.522714614868164062e+01 2.250000000000000000e+05
5.208134624398053525e+00 4.878177202399814227e+00 1.526517427752777933e-01 1.121698075376656556e+00 3.525108543702166752e-01 2.645037810025477887e-01 1.673201643297791696e-01 2.104609265289755504e-01 2.883288979530334473e+01 3.409950494766235352e+01 4.170026087760925293e+01 4.067602086067199707e+01 4.058166408538818359e+01 4.059310007095336914e+01 3.969869899749755859e+01 3.600750207901000977e+01 2.300000000000000000e+05
5.120341274864452785e+00 4.803798550829085912e+00 1.421271347524427353e-01 1.083728341066080070e+00 3.303812339897310713e-01 2.469970519145679999e-01 1.553044312646085778e-01 1.834418555777473370e-01 2.947916793823242188e+01 3.484159684181213379e+01 4.259496498107910156e+01 4.153582692146301270e+01 4.149440217018127441e+01 4.144689035415649414e+01 4.058762907981872559e+01 3.679702711105346680e+01 2.350000000000000000e+05
5.037631014781480232e+00 4.731212142039756152e+00 1.325907119027349701e-01 1.047053907507188519e+00 3.096329044227706939e-01 2.306400181020297480e-01 1.441452344421479959e-01 1.599043385835294817e-01 3.009748888015747070e+01 3.556860017776489258e+01 4.345184803009033203e+01 4.242994093894958496e+01 4.236979317665100098e+01 4.229749512672424316e+01 4.137470316886901855e+01 3.758196401596069336e+01 2.400000000000000000e+05
4.959120526977197407e+00 4.660328375010151625e+00 1.232219168905166612e-01 1.011906913592034218e+00 2.902092258250584811e-01 2.153820741109126191e-01 1.337989715016932313e-01 1.394361638785035495e-01 3.066065406799316406e+01 3.629413104057312012e+01 4.436002993583679199e+01 4.328519701957702637e+01 4.324151110649108887e+01 4.315704917907714844e+01 4.224032211303710938e+01 3.836327910423278809e+01 2.450000000000000000e+05
4.882617522733664117e+00 4.591082486765388992e+00 1.149567768988416921e-01 9.783326622230977820e-01 2.720161224866483596e-01 2.011371655783249501e-01 1.241988751535591795e-01 1.216080831056754463e-01 3.122589588165283203e+01 3.701807093620300293e+01 4.518363595008850098e+01 4.414763808250427246e+01 4.409995222091674805e+01 4.400356221199035645e+01 4.306946206092834473e+01 3.915310502052307129e+01 2.500000000000000000e+05
